              precision    recall  f1-score   support

           0       0.98      0.91      0.94       250
           1       0.86      0.79      0.82       247
           2       0.88      0.94      0.90       188
           3       0.87      0.85      0.86       257
           4       0.82      0.87      0.84       224
           5       0.83      0.85      0.84       207
           6       0.87      0.94      0.90       211
           7       0.71      0.91      0.80       169
           8       0.89      0.83      0.86       235
           9       0.86      0.89      0.88       221
          10       0.85      0.80      0.82       199
          11       0.92      0.94      0.93       226
          12       0.94      0.94      0.94       252
          13       0.84      0.93      0.88       209
          14       0.87      0.89      0.88       214
          15       0.86      0.94      0.90       226
          16       0.90      0.78      0.84       293
          17       0.89      0.74      0.81       281
          18       0.90      0.85      0.88       247
          19       0.90      0.91      0.90       229
          20       0.91      0.96      0.93       246
          21       0.89      0.95      0.92       222
          22       0.95      0.92      0.94       220
          23       0.87      0.95      0.91       225
          24       0.96      0.83      0.89       290
          25       0.92      0.92      0.92       212

    accuracy                           0.88      6000
   macro avg       0.88      0.89      0.88      6000
weighted avg       0.89      0.88      0.88      6000
