              precision    recall  f1-score   support

           0       0.97      0.91      0.94       248
           1       0.88      0.72      0.79       282
           2       0.89      0.88      0.88       204
           3       0.86      0.87      0.87       246
           4       0.87      0.90      0.89       230
           5       0.88      0.91      0.90       204
           6       0.87      0.89      0.88       224
           7       0.66      0.93      0.77       153
           8       0.88      0.87      0.87       225
           9       0.88      0.89      0.88       227
          10       0.88      0.83      0.85       201
          11       0.93      0.94      0.93       229
          12       0.94      0.94      0.94       252
          13       0.86      0.94      0.90       210
          14       0.86      0.88      0.87       214
          15       0.88      0.94      0.91       232
          16       0.88      0.80      0.84       280
          17       0.85      0.77      0.81       258
          18       0.87      0.89      0.88       228
          19       0.91      0.91      0.91       232
          20       0.91      0.95      0.93       250
          21       0.89      0.95      0.92       223
          22       0.92      0.95      0.94       208
          23       0.88      0.93      0.91       230
          24       0.96      0.84      0.89       287
          25       0.90      0.86      0.88       223

    accuracy                           0.88      6000
   macro avg       0.88      0.89      0.88      6000
weighted avg       0.89      0.88      0.88      6000
